      y/delta99          y+            u+             u_vd+         urms+          vrms+           wrms+          uv+      sqrt(rho/rho_w)     prms+          trms+         rhorms+     y+ du_vd+/dy+      S(u)            S(T)           F(u)           F(T)           omx+           omy+           omz+
      0.0000000      0.0000000      0.0000000      0.0000000      0.0000000      0.0000000      0.0000000      0.0000000      1.0000000      2.6501484      0.0159511      0.0188259      0.0000000      1.0100559     -1.0193747      4.7830527     15.2948376      0.2651888      0.0000000      0.4107280
      0.0012107      0.7060288      0.7067437      0.7068649      0.2891297      0.0075473      0.1815499     -0.0006974      1.0003430      2.6374900      0.2971985      0.0175887      0.7893924      1.0100559     -1.0193747      4.7830527     15.2948376      0.2405900      0.0235688      0.4077688
      0.0024220      1.4123742      1.4132758      1.4139326      0.5747851      0.0224462      0.3358951     -0.0042070      1.0011731      2.6435922      0.6446503      0.0166868      1.3892439      1.0266780     -1.3655398      4.7565913      9.3355309      0.2004168      0.0471597      0.4049829
      0.0036344      2.1193530      2.1177262      2.1196561      0.8559061      0.0437145      0.4648825     -0.0129045      1.0024413      2.6349849      1.0181825      0.0163573      2.1092733      1.0161347     -1.6301288      4.6087408      9.6918359      0.1705784      0.0704749      0.4007681
      0.0048484      2.8272823      2.8163270      2.8205599      1.1283490      0.0704129      0.5733654     -0.0289851      1.0041519      2.6461425      1.4395837      0.0171233      2.7810621      0.9738294     -1.7759026      4.3343781      9.7093988      0.1492201      0.0929259      0.3919910
      0.0060645      3.5364795      3.5038552      3.5116692      1.3862397      0.0998693      0.6646764     -0.0532336      1.0062654      2.6448587      1.9128274      0.0188743      3.4088195      0.9053109     -1.8107786      3.9888065      9.1915407      0.1368494      0.1138865      0.3785280
      0.0072834      4.2472626      4.1743601      4.1872125      1.6238202      0.1317489      0.7423022     -0.0856449      1.0087631      2.6612387      2.4279165      0.0217605      3.9735026      0.8197074     -1.7665598      3.6336888      8.3688140      0.1326545      0.1328580      0.3621470
      0.0085056      4.9599505      4.8220094      4.8414483      1.8368253      0.1643718      0.8085814     -0.1247995      1.0115766      2.6661741      2.9677109      0.0253326      4.4599929      0.7259027     -1.6770509      3.3105194      7.4671272      0.1345027      0.1495497      0.3451983
      0.0097316      5.6748627      5.4417137      5.4692837      2.0228473      0.1979151      0.8659733     -0.1691932      1.0146655      2.6866530      3.5141289      0.0295191      4.8592570      0.6304304     -1.5672692      3.0377589      6.6277126      0.1398930      0.1638601      0.3296409
      0.0109619      6.3923199      6.0295814      6.0667366      2.1813732      0.2312681      0.9160021     -0.2166156      1.0179448      2.6962840      4.0509090      0.0339030      5.1687274      0.5375250     -1.4524389      2.8187464      5.9028269      0.1468012      0.1758434      0.3165723
      0.0121971      7.1126438      6.5830331      6.6310682      2.3132751      0.2648032      0.9602651     -0.2654946      1.0213715      2.7194568      4.5653607      0.0384665      5.3915099      0.4495758     -1.3404960      2.6491625      5.2982786      0.1539372      0.1856529      0.3062363
      0.0134379      7.8361574      7.1008084      7.1608130      2.4204807      0.2977178      0.9996300     -0.3139760      1.0248628      2.7322812      5.0483272      0.0429132      5.5348933      0.3677834     -1.2351819      2.5218679      4.8014072      0.1605908      0.1935008      0.2982660
      0.0146846      8.5631852      7.5827516      7.6555881      2.5054233      0.3304212      1.0350461     -0.3611309      1.0283881      2.7568162      5.4941710      0.0472928      5.6086628      0.2926042     -1.1379618      2.4294535      4.3953244      0.1664605      0.1996203      0.2920147
      0.0159379      9.2940532      8.0296239      8.1159262      2.5708230      0.3622910      1.0669420     -0.4057947      1.0318784      2.7715240      5.8999630      0.0513962      5.6237315      0.2240511     -1.0492158      2.3651356      4.0642300      0.1714635      0.2042455      0.2868176
      0.0171984     10.0290892      8.4428260      8.5430118      2.6193281      0.3937095      1.0958602     -0.4477142      1.0353214      2.7962600      6.2650075      0.0553174      5.5909477      0.1618863     -0.9686835      2.3231811      3.7940012      0.1756413      0.2075944      0.2821399
      0.0184666     10.7686229      8.8242125      8.9385068      2.6534701      0.4241744      1.1219984     -0.4862815      1.0386639      2.8117209      6.5900343      0.0589021      5.5204478      0.1057159     -0.8958206      2.2988180      3.5728624      0.1790639      0.2098647      0.2776234
      0.0197431     11.5129859      9.1758792      9.3043413      2.6754838      0.4540239      1.1456862     -0.5216916      1.0419111      2.8356642      6.8768318      0.0622661      5.4212622      0.0550855     -0.8299354      2.2882451      3.3912132      0.1818296      0.2112283      0.2730793
      0.0210284     12.2625120      9.5000571      9.6426102      2.6873763      0.4828488      1.1670331     -0.5536693      1.0450224      2.8509233      7.1277449      0.0652875      5.3012511      0.0095013     -0.7703359      2.2883856      3.2415710      0.1840259      0.2118337      0.2684469
      0.0223232     13.0175373      9.7989826      9.9554415      2.6908483      0.5109451      1.1862792     -0.5826404      1.0480166      2.8732781      7.3455125      0.0680898      5.1669497     -0.0315056     -0.7163432      2.2968295      3.1179360      0.1857431      0.2118075      0.2637305
      0.0236279     13.7784005     10.0748503     10.2449480      2.6873974      0.5379794      1.2035272     -0.6084950      1.0508622      2.8875843      7.5329957      0.0705716      5.0238082     -0.0683837     -0.6673601      2.3116247      3.0155850      0.1870503      0.2112582      0.2589610
      0.0249433     14.5454427     10.3297480     10.5131576      2.6782728      0.5642106      1.2189936     -0.6317400      1.0535869      2.9077816      7.6931274      0.0728564      4.8761533     -0.1015183     -0.6228673      2.3312411      2.9308269      0.1880141      0.2102768      0.2541624
      0.0262698     15.3190080     10.5656434     10.7619980      2.6645660      0.5893682      1.2328066     -0.6523246      1.0561650      2.9206054      7.8287372      0.0748572      4.7274718     -0.1312592     -0.5824314      2.3544296      2.8607675      0.1886756      0.2089401      0.2493592
      0.0276082     16.0994433     10.7843578     10.9932659      2.6471719      0.6136797      1.2451785     -0.6707465      1.0586297      2.9382950      7.9425324      0.0766923      4.5803672     -0.1579020     -0.5456605      2.3802127      2.8030741      0.1890640      0.2073120      0.2445722
      0.0289589     16.8870984     10.9875660     11.2086248      2.6268650      0.6369264      1.2562489     -0.6869643      1.0609581      2.9492905      8.0369934      0.0782839      4.4368164     -0.1817275     -0.5121915      2.4077885      2.7557842      0.1891858      0.2054468      0.2398292
      0.0303226     17.6823268     11.1767921     11.4095966      2.6042714      0.6593092      1.2661957     -0.7014337      1.0631863      2.9642785      8.1144008      0.0797413      4.2981752     -0.2029803     -0.4816700      2.4365296      2.7171627      0.1890545      0.2033899      0.2351525
      0.0316999     18.4854850     11.3534151     11.5975658      2.5799321      0.6806523      1.2751233     -0.7141119      1.0652924      2.9732299      8.1767920      0.0809932      4.1653002     -0.2218894     -0.4537689      2.4659331      2.6857013      0.1886882      0.2011787      0.2305619
      0.0330914     19.2969331     11.5186716     11.7737792      2.5542821      0.7011351      1.2831452     -0.7254042      1.0673132      2.9854403      8.2260060      0.0821383      4.0386016     -0.2386467     -0.4281948      2.4956206      2.6601526      0.1881212      0.1988431      0.2260671
      0.0344978     20.1170352     11.6736650     11.9393540      2.5277018      0.7206176      1.2903220     -0.7352627      1.0692265      2.9922435      8.2636555      0.0831109      3.9181537     -0.2534308     -0.4046953      2.5252654      2.6395482      0.1873832      0.1964081      0.2216694
      0.0359196     20.9461590     11.8193733     12.0952834      2.5005005      0.7392623      1.2967252     -0.7440377      1.0710690      3.0017058      8.2911700      0.0839995      3.8037981     -0.2663928     -0.3830421      2.5545688      2.6230961      0.1865075      0.1938935      0.2173615
      0.0373575     21.7846762     11.9566633     12.2424504      2.4729553      0.7569608      1.3024039     -0.7516733      1.0728177      3.0063569      8.3097953      0.0847438      3.6953356     -0.2776706     -0.3630289      2.5832332      2.6101252      0.1855188      0.1913174      0.2131288
      0.0388122     22.6329630     12.0863044     12.3816413      2.4452910      0.7738622      1.3074207     -0.7584652      1.0745085      3.0131786      8.3206520      0.0854223      3.5924821     -0.2873722     -0.3444712      2.6109764      2.6000643      0.1844343      0.1886960      0.2089392
      0.0402843     23.4913998     12.2089787     12.5135547      2.4177014      0.7898839      1.3118313     -0.7643488      1.0761178      3.0157368      8.3247437      0.0859805      3.4949548     -0.2955856     -0.3272138      2.6375511      2.5924529      0.1832517      0.1860450      0.2047677
      0.0417745     24.3603715     12.3252947     12.6388152      2.3903267      0.8051624      1.3156961     -0.7695686      1.0776804      3.0200676      8.3229912      0.0864891      3.4024525     -0.3023823     -0.3111345      2.6627811      2.5868814      0.1819754      0.1833775      0.2006171
      0.0432834     25.2402679     12.4357938     12.7579804      2.3632756      0.8196345      1.3190692     -0.7740529      1.0791722      3.0206374      8.3162007      0.0868988      3.3147860     -0.3078396     -0.2961478      2.6865462      2.5830315      0.1806206      0.1807051      0.1965167
      0.0448117     26.1314835     12.5409671     12.8715569      2.3366162      0.8334228      1.3219985     -0.7780018      1.0806266      3.0226682      8.3050729      0.0872726      3.2318283     -0.3120411     -0.2821878      2.7087516      2.5806408      0.1792073      0.1780377      0.1924975
      0.0463601     27.0344180     12.6412571     12.9800028      2.3104008      0.8464755      1.3245266     -0.7813423      1.0820190      3.0214084      8.2901939      0.0875657      3.1535002     -0.3150758     -0.2691881      2.7293120      2.5794728      0.1777440      0.1753844      0.1885875
      0.0479292     27.9494764     12.7370701     13.0837395      2.2846626      0.8588988      1.3266813     -0.7842457      1.0833814      3.0213759      8.2720871      0.0878335      3.0797322     -0.3170363     -0.2570853      2.7481889      2.5792839      0.1762422      0.1727521      0.1848099
      0.0495199     28.8770689     12.8287744     13.1831503      2.2594366      0.8706478      1.3284870     -0.7866460      1.0846891      3.0184818      8.2512248      0.0880352      3.0103912     -0.3180184     -0.2458369      2.7654258      2.5799016      0.1747125      0.1701467      0.1811742
      0.0511328     29.8176117     12.9167088     13.2785882      2.2347537      0.8818129      1.3299543     -0.7886879      1.0859734      3.0166330      8.2280430      0.0882200      2.9454406     -0.3181169     -0.2354070      2.7811043      2.5812605      0.1731629      0.1675720      0.1776822
      0.0527686     30.7715265     13.0011853     13.3703797      2.2106496      0.8923541      1.3311041     -0.7903075      1.0872095      3.0123111      8.2029163      0.0883509      2.8849137     -0.3174160     -0.2257412      2.7952863      2.5833214      0.1715889      0.1650313      0.1743297
      0.0544281     31.7392411     13.0824950     13.4588299      2.1871549      0.9023492      1.3319467     -0.7916302      1.0884279      3.0088967      8.1761739      0.0884710      2.8287178     -0.3159997     -0.2167728      2.8080209      2.5860583      0.1699891      0.1625276      0.1710948
      0.0561120     32.7211894     13.1609017     13.5442160      2.1642991      0.9117647      1.3325001     -0.7926019      1.0896040      3.0033543      8.1480952      0.0885465      2.7765829     -0.3139590     -0.2084402      2.8193886      2.5894759      0.1683671      0.1600656      0.1679440
      0.0578211     33.7178119     13.2366459     13.6267912      2.1420979      0.9206693      1.3327651     -0.7933304      1.0907673      2.9986119      8.1189434      0.0886156      2.7283248     -0.3114086     -0.2006960      2.8295497      2.5936099      0.1667291      0.1576502      0.1648627
      0.0595561     34.7295554     13.3099490     13.7067891      2.1205582      0.9290350      1.3327541     -0.7937584      1.0918932      2.9920550      8.0889595      0.0886482      2.6839161     -0.3084723     -0.1934975      2.8387353      2.5984318      0.1650683      0.1552860      0.1618610
      0.0613178     35.7568738     13.3810208     13.7844317      2.0996745      0.9369219      1.3324712     -0.7939671      1.0930101      2.9862201      8.0583713      0.0886789      2.6435076     -0.3052772     -0.1868114      2.8471546      2.6038174      0.1633846      0.1529773      0.1589465
      0.0631070     36.8002276     13.4500628     13.8599327      2.0794339      0.9443083      1.3319429     -0.7938926      1.0940936      2.9788453      8.0273422      0.0886800      2.6072588     -0.3019033     -0.1806205      2.8548422      2.6096131      0.1616859      0.1507285      0.1561188
      0.0649245     37.8600849     13.5172675     13.9334971      2.0598081      0.9512483      1.3311859     -0.7936008      1.0951719      2.9721261      7.9959504      0.0886814      2.5751533     -0.2983734     -0.1749002      2.8616416      2.6157219      0.1599736      0.1485418      0.1533988
      0.0667711     38.9369209     13.5828118     14.0053138      2.0407674      0.9577226      1.3302250     -0.7930438      1.0962214      2.9640968      7.9641988      0.0886564      2.5467939     -0.2946678     -0.1695970      2.8673682      2.6221011      0.1582425      0.1464164      0.1508034
      0.0686477     40.0312186     13.6468485     14.0755458      2.0222889      0.9637756      1.3290620     -0.7923034      1.0972696      2.9566467      7.9320925      0.0886307      2.5214353     -0.2907704     -0.1646500      2.8719390      2.6287102      0.1565006      0.1443504      0.1483139
      0.0705550     41.1434686     13.7095025     14.1443261      2.0043614      0.9693892      1.3277121     -0.7913606      1.0982933      2.9480750      7.8996862      0.0885810      2.4982642     -0.2866753     -0.1600114      2.8754368      2.6355281      0.1547514      0.1423426      0.1459117
      0.0724940     42.2741698     13.7708745     14.2117620      1.9869766      0.9746010      1.3261758     -0.7903011      1.0993185      2.9400271      7.8671440      0.0885328      2.4767353     -0.2824189     -0.1556764      2.8780849      2.6424630      0.1530021      0.1403894      0.1435963
      0.0744655     43.4238293     13.8310501     14.2779444      1.9701361      0.9793964      1.3244637     -0.7891087      1.1003218      2.9310442      7.8346693      0.0884676      2.4564861     -0.2780386     -0.1517037      2.8800489      2.6493786      0.1512558      0.1384875      0.1413496
      0.0764704     44.5929626     13.8901016     14.3429498      1.9538451      0.9838102      1.3225697     -0.7878526      1.1013280      2.9225464      7.8024257      0.0884090      2.4371868     -0.2735222     -0.1481743      2.8813448      2.6562087      0.1495101      0.1366350      0.1391433
      0.0785096     45.7820941     13.9480925     14.4068453      1.9381077      0.9878349      1.3205022     -0.7865016      1.1023137      2.9132364      7.7704839      0.0883392      2.4187924     -0.2687763     -0.1451078      2.8819325      2.6629311      0.1477736      0.1348314      0.1369762
      0.0805840     46.9917569     14.0050871     14.4696995      1.9229109      0.9915082      1.3182618     -0.7850908      1.1033032      2.9043028      7.7388367      0.0882771      2.4017249     -0.2637045     -0.1424484      2.8818287      2.6694990      0.1460622      0.1330740      0.1348789
      0.0826945     48.2224937     14.0611623     14.5315946      1.9082288      0.9948306      1.3158736     -0.7835602      1.1042742      2.8946041      7.7073791      0.0882032      2.3868774     -0.2582890     -0.1400956      2.8811698      2.6758805      0.1443730      0.1313604      0.1328895
      0.0848421     49.4748564     14.1164149     14.5926357      1.8940271      0.9978358      1.3133595     -0.7819247      1.1052512      2.8851657      7.6759755      0.0881326      2.3753124     -0.2526152     -0.1379062      2.8800534      2.6821226      0.1426934      0.1296895      0.1310186
      0.0870278     50.7494065     14.1709594     14.6529473      1.8802747      1.0005207      1.3107514     -0.7801325      1.1062130      2.8749885      7.6445795      0.0880478      2.3677159     -0.2467910     -0.1357368      2.8783930      2.6881767      0.1410130      0.1280611      0.1292508
      0.0892525     52.0467157     14.2249133     14.7126579      1.8669452      1.0029107      1.3080557     -0.7782198      1.1071837      2.8649674      7.6132965      0.0879652      2.3639636     -0.2409389     -0.1335334      2.8760677      2.6939434      0.1393385      0.1264733      0.1275561
      0.0915172     53.3673657     14.2783781     14.7718789      1.8540252      1.0050024      1.3052855     -0.7761602      1.1081423      2.8542399      7.5822281      0.0878719      2.3632066     -0.2351576     -0.1313149      2.8730202      2.6993327      0.1376764      0.1249241      0.1259064
      0.0938230     54.7119488     14.3314315     14.8306953      1.8415086      1.0068205      1.3024461     -0.7739962      1.1091112      2.8435816      7.5513852      0.0877829      2.3645937     -0.2294959     -0.1291201      2.8692530      2.7043674      0.1360112      0.1234119      0.1243149
      0.0961708     56.0810680     14.3841340     14.8891735      1.8294020      1.0083665      1.2995550     -0.7717020      1.1100688      2.8322225      7.5206894      0.0876846      2.3676458     -0.2240040     -0.1269427      2.8649573      2.7091184      0.1343291      0.1219360      0.1228025
      0.0985618     57.4753374     14.4365351     14.9473677      1.8177292      1.0096692      1.2965993     -0.7693181      1.1110369      2.8208551      7.4901218      0.0875898      2.3719071     -0.2188149     -0.1247538      2.8605506      2.7135455      0.1326674      0.1204924      0.1213386
      0.1009969     58.8953821     14.4886710     15.0053176      1.8065276      1.0107376      1.2935634     -0.7668238      1.1119949      2.8088414      7.4597396      0.0874882      2.3768378     -0.2140974     -0.1225572      2.8565305      2.7177919      0.1310667      0.1190775      0.1198548
      0.1034774     60.3418390     14.5405694     15.0630535      1.7957984      1.0116018      1.2904336     -0.7642495      1.1129639      2.7968905      7.4295785      0.0873931      2.3825418     -0.2099163     -0.1203234      2.8532175      2.7220099      0.1295232      0.1176907      0.1183519
      0.1060043     61.8153568     14.5922671     15.1206160      1.7854903      1.0122752      1.2872200     -0.7615668      1.1139240      2.7845142      7.3996066      0.0872944      2.3894806     -0.2061767     -0.1179657      2.8507681      2.7261053      0.1280215      0.1163353      0.1168720
      0.1085787     63.3165963     14.6438062     15.1780516      1.7755329      1.0127879      1.2839150     -0.7588156      1.1148961      2.7723844      7.3698605      0.0872041      2.3980056     -0.2027751     -0.1154938      2.8491165      2.7298863      0.1265496      0.1150116      0.1154363
      0.1112018     64.8462307     14.6952376     15.2354171      1.7658586      1.0131525      1.2805108     -0.7559617      1.1158606      2.7600525      7.3404052      0.0871152      2.4086094     -0.1996224     -0.1130918      2.8479047      2.7333536      0.1250895      0.1137184      0.1140561
      0.1138747     66.4049460     14.7466218     15.2927798      1.7563820      1.0133977      1.2769967     -0.7530055      1.1168372      2.7480963      7.3111291      0.0870381      2.4218925     -0.1965693     -0.1109863      2.8463512      2.7366704      0.1236068      0.1124568      0.1127351
      0.1165988     67.9934413     14.7980290     15.3502182      1.7470149      1.0135339      1.2733778     -0.7498915      1.1178057      2.7360341      7.2817017      0.0869610      2.4380526     -0.1934555     -0.1093019      2.8438302      2.7400598      0.1220982      0.1112274      0.1115034
      0.1193751     69.6124289     14.8495233     15.4078040      1.7376994      1.0135790      1.2696555     -0.7466453      1.1187853      2.7243095      7.2518905      0.0868896      2.4565647     -0.1902455     -0.1080042      2.8404228      2.7436954      0.1206198      0.1100272      0.1103576
      0.1222049     71.2626349     14.9011529     15.4655916      1.7284263      1.0135309      1.2658594     -0.7432600      1.1197568      2.7124215      7.2217888      0.0868156      2.4766277     -0.1869443     -0.1070378      2.8361611      2.7475031      0.1191911      0.1088519      0.1092477
      0.1250896     72.9447993     14.9529448     15.5236113      1.7192239      1.0133974      1.2620145     -0.7398008      1.1207399      2.7007934      7.1917389      0.0867502      2.4969692     -0.1836042     -0.1063835      2.8312900      2.7516061      0.1178020      0.1076985      0.1081590
      0.1280304     74.6596764     15.0048908     15.5818547      1.7101779      1.0131780      1.2581249     -0.7362901      1.1217171      2.6890167      7.1622725      0.0866910      2.5154661     -0.1804740     -0.1059130      2.8266801      2.7558777      0.1164532      0.1065651      0.1070816
      0.1310286     76.4080355     15.0569427     15.6402679      1.7014105      1.0128825      1.2541494     -0.7328133      1.1227073      2.6775267      7.1339910      0.0866512      2.5311020     -0.1777861     -0.1055959      2.8230318      2.7597332      0.1151503      0.1054484      0.1059750
      0.1340855     78.1906604     15.1090639     15.6988105      1.6929918      1.0124987      1.2500721     -0.7293423      1.1236919      2.6659600      7.1069371      0.0866233      2.5459968     -0.1755679     -0.1055025      2.8204654      2.7629522      0.1139157      0.1043500      0.1048958
      0.1372026     80.0083507     15.1612795     15.7575107      1.6848998      1.0120163      1.2459372     -0.7258543      1.1246894      2.6546937      7.0805934      0.0866063      2.5632690     -0.1736619     -0.1055693      2.8186415      2.7656423      0.1127304      0.1032700      0.1038736
      0.1403812     81.8619216     15.2136582     15.8164466      1.6770507      1.0114127      1.2418014     -0.7222758      1.1256844      2.6433419      7.0545380      0.0865884      2.5837517     -0.1717593     -0.1057587      2.8166130      2.7682951      0.1115423      0.1022025      0.1028447
      0.1436227     83.7522042     15.2662614     15.8756878      1.6693312      1.0106857      1.2376409     -0.7186192      1.1266976      2.6321591      7.0287218      0.0865770      2.6067246     -0.1696191     -0.1061174      2.8135482      2.7712462      0.1103589      0.1011407      0.1017968
      0.1469287     85.6800463     15.3191365     15.9352890      1.6616346      1.0098352      1.2334243     -0.7148410      1.1277138      2.6206966      7.0032581      0.0865687      2.6314346     -0.1671759     -0.1066771      2.8095200      2.7740714      0.1092105      0.1000829      0.1007989
      0.1503005     87.6463124     15.3723099     15.9952808      1.6538803      1.0088699      1.2291591     -0.7109783      1.1287499      2.6091436      6.9782405      0.0865712      2.6565861     -0.1644842     -0.1074550      2.8051479      2.7762740      0.1080611      0.0990334      0.0998386
      0.1537398     89.6518844     15.4257738     16.0556560      1.6460278      1.0077765      1.2248780     -0.7070599      1.1297870      2.5971506      6.9535104      0.0865782      2.6800363     -0.1616429     -0.1083301      2.8007782      2.7778645      0.1068777      0.0980016      0.0988717
      0.1572480     91.6976616     15.4794768     16.1163572      1.6381018      1.0065468      1.2205983     -0.7031849      1.1308401      2.5848946      6.9290569      0.0865945      2.6999771     -0.1587463     -0.1090220      2.7966067      2.7790730      0.1056770      0.0969836      0.0979147
      0.1608267     93.7845615     15.5333536     16.1773116      1.6302240      1.0051624      1.2163531     -0.6993872      1.1318925      2.5720729      6.9052590      0.0866179      2.7171087     -0.1558753     -0.1093504      2.7928822      2.7796173      0.1044760      0.0959715      0.0970050
      0.1644776     95.9135200     15.5873799     16.2384925      1.6225967      1.0036186      1.2121273     -0.6957534      1.1329619      2.5588173      6.8825542      0.0866561      2.7344349     -0.1533447     -0.1094320      2.7906044      2.7794447      0.1032691      0.0949614      0.0960659
      0.1682022     98.0854919     15.6415883     16.2999376      1.6153973      1.0019014      1.2078724     -0.6923141      1.1340352      2.5449111      6.8612625      0.0867076      2.7540455     -0.1513547     -0.1093355      2.7898433      2.7790975      0.1020862      0.0939558      0.0950336
      0.1720023    100.3014512     15.6960117     16.3616854      1.6086613      1.0000248      1.2035980     -0.6891122      1.1351299      2.5305088      6.8412606      0.0867765      2.7732287     -0.1497525     -0.1091600      2.7895417      2.7789312      0.1009397      0.0929642      0.0939428
      0.1758794    102.5623916     15.7505920     16.4236711      1.6023432      0.9980057      1.1993807     -0.6860917      1.1362298      2.5155741      6.8221475      0.0868570      2.7869263     -0.1482564     -0.1090672      2.7889480      2.7789249      0.0997790      0.0919887      0.0928346
      0.1798355    104.8693271     15.8052130     16.4857637      1.5963345      0.9958805      1.1951784     -0.6831645      1.1373485      2.5004936      6.8037778      0.0869524      2.7956495     -0.1469154     -0.1091744      2.7884596      2.7791012      0.0986502      0.0910217      0.0917748
      0.1838722    107.2232922     15.8598298     16.5479127      1.5905129      0.9936615      1.1909194     -0.6801884      1.1384704      2.4855590      6.7861391      0.0870601      2.8039872     -0.1464267     -0.1091475      2.7888344      2.7796820      0.0975817      0.0900610      0.0907823
      0.1879914    109.6253427     15.9144730     16.6101536      1.5848445      0.9913552      1.1865262     -0.6771075      1.1396124      2.4711197      6.7694136      0.0871841      2.8155193     -0.1473662     -0.1088281      2.7906539      2.7800962      0.0965642      0.0891091      0.0897961
      0.1921948    112.0765557     15.9692143     16.6725689      1.5793236      0.9889445      1.1820025     -0.6738479      1.1407611      2.4572123      6.7535393      0.0873204      2.8294218     -0.1497642     -0.1082967      2.7939733      2.7800490      0.0955465      0.0881713      0.0888669
      0.1964845    114.5780306     16.0240592     16.7351658      1.5739995      0.9864267      1.1774801     -0.6704990      1.1419310      2.4437556      6.7381570      0.0874667      2.8415855     -0.1533852     -0.1073626      2.7981172      2.7795628      0.0944602      0.0872586      0.0879681
      0.2008623    117.1308891     16.0789562     16.7978867      1.5689517      0.9837981      1.1731136     -0.6671133      1.1431053      2.4305000      6.7232281      0.0876193      2.8505133     -0.1575729     -0.1058908      2.8024665      2.7781507      0.0933796      0.0863707      0.0869717
      0.2053301    119.7362760     16.1338609     16.8606812      1.5640907      0.9810838      1.1689877     -0.6636841      1.1442960      2.4173734      6.7089536      0.0877839      2.8583386     -0.1616752     -0.1038361      2.8062233      2.7763358      0.0923270      0.0854960      0.0859163
      0.2098901    122.3953599     16.1887925     16.9235720      1.5592370      0.9783122      1.1650399     -0.6601637      1.1454887      2.4044791      6.6954200      0.0879595      2.8689473     -0.1653775     -0.1012281      2.8082516      2.7744815      0.0912808      0.0846251      0.0849290
      0.2145441    125.1093331     16.2438393     16.9866609      1.5543336      0.9755325      1.1610738     -0.6565543      1.1467006      2.3920647      6.6831188      0.0881552      2.8854600     -0.1682769     -0.0983604      2.8083540      2.7720698      0.0902923      0.0837607      0.0839706
      0.2192944    127.8794128     16.2991299     17.0500963      1.5493098      0.9727790      1.1570483     -0.6528514      1.1479195      2.3802992      6.6725096      0.0883772      2.9089470     -0.1701140     -0.0957783      2.8073471      2.7689626      0.0893150      0.0829127      0.0830220
      0.2241430    130.7068413     16.3547851     17.1140185      1.5439490      0.9700772      1.1529527     -0.6489934      1.1491590      2.3691332      6.6631578      0.0886287      2.9374618     -0.1710435     -0.0940827      2.8054660      2.7658586      0.0883966      0.0820796      0.0821600
      0.2290922    133.5928865     16.4108605     17.1784930      1.5380874      0.9673943      1.1489111     -0.6448958      1.1504058      2.3583011      6.6543751      0.0888981      2.9663082     -0.1713508     -0.0930876      2.8031414      2.7630304      0.0874910      0.0812567      0.0813600
      0.2341441    136.5388427     16.4673255     17.2434866      1.5318023      0.9646908      1.1449829     -0.6405899      1.1516753      2.3474557      6.6456406      0.0891766      2.9929208     -0.1709106     -0.0922328      2.8007596      2.7613436      0.0865771      0.0804463      0.0805177
      0.2393009    139.5460311     16.5241304     17.3089437      1.5251733      0.9619286      1.1411629     -0.6361237      1.1529567      2.3365458      6.6360867      0.0894467      3.0151572     -0.1693946     -0.0910522      2.7976780      2.7602105      0.0857123      0.0796490      0.0797132
      0.2445651    142.6158003     16.5811834     17.3747607      1.5183151      0.9591033      1.1374391     -0.6316818      1.1542684      2.3256443      6.6256013      0.0897106      3.0341796     -0.1673197     -0.0893480      2.7951577      2.7583273      0.0848254      0.0788659      0.0787972
      0.2499390    145.7495269     16.6385169     17.4409771      1.5110851      0.9562525      1.1337246     -0.6272929      1.1555978      2.3150691      6.6155070      0.0899843      3.0618381     -0.1656545     -0.0874057      2.7922848      2.7562381      0.0839536      0.0780983      0.0779557
      0.2554250    148.9486163     16.6963682     17.5078691      1.5034683      0.9534188      1.1298722     -0.6229399      1.1569487      2.3048398      6.6058598      0.0902753      3.1009654     -0.1652187     -0.0857527      2.7880153      2.7541321      0.0831153      0.0773509      0.0772117
      0.2610255    152.2145031     16.7548376     17.5755546      1.4957908      0.9506107      1.1258995     -0.6186444      1.1583015      2.2947864      6.5958830      0.0905716      3.1388041     -0.1660566     -0.0842574      2.7839320      2.7511035      0.0822936      0.0766212      0.0764364
      0.2667431    155.5486520     16.8138233     17.6439183      1.4881731      0.9478230      1.1219412     -0.6144398      1.1596721      2.2843288      6.5865374      0.0908805      3.1710494     -0.1680332     -0.0819929      2.7810427      2.7480576      0.0814900      0.0759166      0.0757192
      0.2725803    158.9525582     16.8732761     17.7129049      1.4806567      0.9450241      1.1180014     -0.6103256      1.1610483      2.2735699      6.5786704      0.0912111      3.2028770     -0.1710361     -0.0786794      2.7785432      2.7461633      0.0806754      0.0752324      0.0749986
      0.2785397    162.4277482     16.9332286     17.7825546      1.4733164      0.9422096      1.1137562     -0.6061963      1.1624463      2.2627912      6.5711531      0.0915528      3.2393412     -0.1750522     -0.0749205      2.7757229      2.7447703      0.0799334      0.0745597      0.0742374
      0.2846241    165.9757805     16.9937767     17.8529812      1.4658742      0.9394157      1.1091143     -0.6018967      1.1638553      2.2526965      6.5632884      0.0918956      3.2787393     -0.1796642     -0.0712767      2.7712700      2.7433339      0.0793273      0.0738971      0.0735159
      0.2908361    169.5982463     17.0548934     17.9241559      1.4581217      0.9366012      1.1042585     -0.5974616      1.1652862      2.2431515      6.5531679      0.0922134      3.3128795     -0.1843207     -0.0671202      2.7658047      2.7428539      0.0788652      0.0732425      0.0728592
      0.2971785    173.2967700     17.1164467     17.9959276      1.4501598      0.9336750      1.0996575     -0.5928845      1.1667306      2.2337756      6.5408418      0.0925067      3.3402108     -0.1879995     -0.0625425      2.7614525      2.7425049      0.0784178      0.0725852      0.0722612
      0.3036542    177.0730103     17.1783489     18.0681963      1.4420939      0.9304974      1.0954296     -0.5880087      1.1682036      2.2234613      6.5279858      0.0927955      3.3645465     -0.1909435     -0.0579764      2.7593321      2.7412254      0.0777978      0.0719226      0.0716298
      0.3102661    180.9286607     17.2405862     18.1409486      1.4339270      0.9270127      1.0913993     -0.5829146      1.1696921      2.2120484      6.5150969      0.0930831      3.3915328     -0.1941010     -0.0532820      2.7599252      2.7382913      0.0769347      0.0712431      0.0708353
      0.3170171    184.8654504     17.3032496     18.2142930      1.4253551      0.9232724      1.0871553     -0.5776364      1.1712096      2.1995364      6.5023212      0.0933786      3.4236014     -0.1984763     -0.0486479      2.7639149      2.7344293      0.0759906      0.0705613      0.0700138
      0.3239103    188.8851447     17.3664237     18.2883316      1.4161607      0.9194362      1.0823690     -0.5722921      1.1727438      2.1866095      6.4884307      0.0936641      3.4616185     -0.2044435     -0.0431174      2.7695925      2.7308588      0.0751408      0.0698829      0.0692148
      0.3309487    192.9895464     17.4302434     18.3632256      1.4062294      0.9155217      1.0771748     -0.5665974      1.1743086      2.1735233      6.4728871      0.0939374      3.5078989     -0.2103852     -0.0366300      2.7739876      2.7269486      0.0743073      0.0691976      0.0684726
      0.3381356    197.1804961     17.4948208     18.4391103      1.3956875      0.9115921      1.0716607     -0.5607121      1.1758853      2.1603658      6.4565048      0.0942098      3.5550091     -0.2164369     -0.0305151      2.7796934      2.7217595      0.0734606      0.0685200      0.0678560
      0.3454741    201.4598734     17.5601284     18.5159566      1.3850889      0.9075650      1.0657478     -0.5548635      1.1774779      2.1466748      6.4375903      0.0944631      3.6057088     -0.2233635     -0.0255228      2.7868530      2.7143352      0.0726443      0.0678538      0.0671816
      0.3529675    205.8295972     17.6263519     18.5939864      1.3748032      0.9034459      1.0596637     -0.5490823      1.1790813      2.1326391      6.4164456      0.0946886      3.6693906     -0.2312612     -0.0197528      2.7948259      2.7057140      0.0719937      0.0671633      0.0665475
      0.3606192    210.2916273     17.6936135     18.6733487      1.3647608      0.8991063      1.0538603     -0.5431586      1.1807275      2.1186889      6.3974154      0.0949494      3.7267879     -0.2402014     -0.0128049      2.8041058      2.6950441      0.0713817      0.0664391      0.0658712
      0.3684327    214.8479648     17.7616090     18.7536898      1.3548475      0.8945612      1.0485932     -0.5370298      1.1824044      2.1050438      6.3813039      0.0952521      3.7684226     -0.2499935     -0.0053931      2.8115507      2.6861913      0.0705972      0.0657185      0.0651277
      0.3764114    219.5006529     17.8301912     18.8348403      1.3450079      0.8899243      1.0435453     -0.5305194      1.1841141      2.0920827      6.3667527      0.0955747      3.8077597     -0.2607953      0.0028524      2.8222715      2.6797989      0.0697887      0.0650057      0.0644701
      0.3845588    224.2517782     17.8993211     18.9167576      1.3350232      0.8852562      1.0383614     -0.5236732      1.1858402      2.0791246      6.3495915      0.0958673      3.8396206     -0.2722233      0.0109039      2.8369369      2.6758687      0.0690851      0.0643173      0.0638097
      0.3928788    229.1034713     17.9687811     18.9991874      1.3248686      0.8804495      1.0325757     -0.5165795      1.1876035      2.0661680      6.3289030      0.0961327      3.8629822     -0.2826163      0.0193145      2.8467443      2.6763126      0.0683501      0.0636402      0.0629953
      0.4013749    234.0579081     18.0385091     19.0820589      1.3143688      0.8755282      1.0258968     -0.5093438      1.1893911      2.0529463      6.3071390      0.0963942      3.8825769     -0.2915304      0.0272151      2.8541918      2.6768297      0.0675337      0.0629586      0.0621846
      0.4100511    239.1173105     18.1083949     19.1652438      1.3034711      0.8703518      1.0179419     -0.5018713      1.1912029      2.0389174      6.2858701      0.0966689      3.8956517     -0.2999493      0.0346907      2.8640353      2.6755988      0.0668184      0.0622638      0.0613683
      0.4189111    244.2839473     18.1784155     19.2487159      1.2925873      0.8648447      1.0091964     -0.4941020      1.1930134      2.0226292      6.2648343      0.0969359      3.9184111     -0.3103051      0.0419312      2.8767063      2.6726972      0.0661823      0.0615526      0.0606571
      0.4279590    249.5601356     18.2489031     19.3328734      1.2822926      0.8588006      1.0010711     -0.4860644      1.1948551      2.0045132      6.2416342      0.0971650      3.9604304     -0.3220128      0.0495177      2.8897136      2.6686048      0.0653620      0.0608300      0.0599160
      0.4371988    254.9482416     18.3201033     19.4180139      1.2721816      0.8522823      0.9937060     -0.4776536      1.1967214      1.9854692      6.2191726      0.0974022      4.0121150     -0.3308450      0.0585943      2.8984804      2.6643489      0.0645078      0.0600930      0.0591618
      0.4466346    260.4506816     18.3921334     19.5042829      1.2620675      0.8454157      0.9864096     -0.4687728      1.1986400      1.9667958      6.1932942      0.0976113      4.0690880     -0.3376219      0.0681837      2.8995412      2.6616626      0.0637054      0.0593363      0.0583127
      0.4562708    266.0699232     18.4650674     19.5917766      1.2515572      0.8383998      0.9784133     -0.4600968      1.2006200      1.9482586      6.1666768      0.0978222      4.1291786     -0.3461317      0.0795699      2.9045759      2.6607179      0.0627425      0.0585648      0.0575021
      0.4661116    271.8084864     18.5389107     19.6805097      1.2406154      0.8315240      0.9698669     -0.4519830      1.2026591      1.9311895      6.1416400      0.0980789      4.1849892     -0.3607885      0.0918857      2.9219034      2.6605925      0.0616934      0.0577510      0.0567922
      0.4761614    277.6689448     18.6136186     19.7704351      1.2296424      0.8249868      0.9605972     -0.4444659      1.2047266      1.9157724      6.1141531      0.0983115      4.2523314     -0.3783140      0.1059688      2.9421150      2.6616229      0.0608385      0.0569534      0.0559365
      0.4864248    283.6539265     18.6895291     19.8619662      1.2185764      0.8187291      0.9500747     -0.4372449      1.2068242      1.9013838      6.0885091      0.0985861      4.3307923     -0.3951510      0.1214106      2.9605590      2.6648252      0.0600719      0.0561802      0.0551728
      0.4969063    289.7661155     18.7663683     19.9547793      1.2080349      0.8123453      0.9385819     -0.4300370      1.2089531      1.8865165      6.0611789      0.0988436      4.3604214     -0.4123728      0.1364630      2.9808035      2.6661009      0.0592494      0.0553972      0.0543854
      0.5076107    296.0082530     18.8430198     20.0475309      1.1975447      0.8055811      0.9267461     -0.4227770      1.2111332      1.8706464      6.0332907      0.0990759      4.3427406     -0.4281099      0.1528928      3.0022551      2.6659903      0.0584293      0.0545914      0.0536680
      0.5185426    302.3831382     18.9193032     20.1400038      1.1862720      0.7981603      0.9154107     -0.4147574      1.2133233      1.8529264      6.0054972      0.0992910      4.3440993     -0.4434953      0.1683985      3.0215797      2.6613768      0.0576078      0.0537678      0.0528282
      0.5297072    308.8936301     18.9959319     20.2330636      1.1738033      0.7901044      0.9049391     -0.4059448      1.2155235      1.8326860      5.9762187      0.0994718      4.4073354     -0.4615602      0.1836404      3.0531117      2.6550799      0.0567367      0.0529448      0.0519670
      0.5411093    315.5426482     19.0739057     20.3279294      1.1595097      0.7815009      0.8950981     -0.3963149      1.2177540      1.8107153      5.9441227      0.0996172      4.4958424     -0.4817268      0.1980849      3.0889889      2.6481981      0.0557125      0.0520909      0.0511604
      0.5527540    322.3331746     19.1530109     20.4243515      1.1443408      0.7724778      0.8856897     -0.3864872      1.2200665      1.7874247      5.9102631      0.0997307      4.5551893     -0.5031446      0.2153878      3.1239781      2.6490992      0.0546047      0.0511934      0.0501765
      0.5646467    329.2682544     19.2329211     20.5219418      1.1289436      0.7631131      0.8764425     -0.3769968      1.2224329      1.7647430      5.8736068      0.0998024      4.6248016     -0.5216632      0.2334761      3.1481387      2.6513257      0.0534465      0.0503055      0.0491542
      0.5767925    336.3509977     19.3140149     20.6211718      1.1129292      0.7537159      0.8657844     -0.3671731      1.2248551      1.7434116      5.8360461      0.0998477      4.6883146     -0.5383347      0.2533528      3.1598216      2.6583554      0.0524099      0.0493890      0.0483257
      0.5891971    343.5845808     19.3954854     20.7210618      1.0965408      0.7441662      0.8537275     -0.3570005      1.2273201      1.7234287      5.7959646      0.0998495      4.6906920     -0.5555806      0.2743521      3.1736374      2.6686584      0.0513774      0.0484667      0.0473879
      0.6018658    350.9722478     19.4765092     20.8206046      1.0790357      0.7343057      0.8403158     -0.3461659      1.2298042      1.7034469      5.7532702      0.0998022      4.6715774     -0.5728939      0.2944472      3.1949598      2.6791982      0.0504612      0.0475099      0.0465469
      0.6148045    358.5173117     19.5571786     20.9199129      1.0613027      0.7237135      0.8260839     -0.3350039      1.2323011      1.6828976      5.7075841      0.0997105      4.6649965     -0.5939447      0.3162579      3.2279872      2.6948494      0.0494906      0.0465409      0.0454251
      0.6280189    366.2231561     19.6379446     21.0195424      1.0425915      0.7123890      0.8107546     -0.3235310      1.2348169      1.6610980      5.6595924      0.0996035      4.7326850     -0.6166153      0.3370783      3.2632193      2.7034286      0.0484868      0.0455249      0.0443760
      0.6415149    374.0932369     19.7203051     21.1213481      1.0215663      0.7005418      0.7947697     -0.3108440      1.2373781      1.6395909      5.6098017      0.0994801      4.8237471     -0.6400861      0.3595254      3.3002589      2.7118194      0.0473577      0.0444729      0.0434565
      0.6552987    382.1310833     19.8035052     21.2244072      1.0004319      0.6880267      0.7779033     -0.2978376      1.2400019      1.6168816      5.5602919      0.0993503      4.8750199     -0.6628287      0.3839647      3.3413134      2.7203546      0.0460231      0.0433612      0.0422948
      0.6693763    390.3403002     19.8876507     21.3288583      0.9786450      0.6752709      0.7596439     -0.2839252      1.2426272      1.5940621      5.5084940      0.0992067      4.9671731     -0.6884917      0.4068392      3.4000821      2.7221551      0.0447243      0.0422321      0.0413708
      0.6837540    398.7245689     19.9733653     21.4354839      0.9547679      0.6619809      0.7411002     -0.2690585      1.2452949      1.5690028      5.4527949      0.0989726      5.0488621     -0.7176177      0.4340549      3.4573169      2.7345521      0.0434168      0.0410317      0.0405385
      0.6984385    407.2876496     20.0596888     21.5431000      0.9296684      0.6480730      0.7220601     -0.2546292      1.2480263      1.5418250      5.3880655      0.0985770      5.0828650     -0.7516388      0.4609671      3.5281377      2.7477281      0.0421294      0.0397883      0.0394604
      0.7134361    416.0333825     20.1461007     21.6510648      0.9043539      0.6331791      0.7018006     -0.2404605      1.2508151      1.5106429      5.3213055      0.0981215      5.0593217     -0.7912525      0.4920613      3.6110287      2.7658999      0.0408122      0.0385512      0.0381676
      0.7287537    424.9656899     20.2313341     21.7577955      0.8789273      0.6174954      0.6808295     -0.2261248      1.2536181      1.4765970      5.2549797      0.0976260      4.9963752     -0.8360553      0.5279808      3.7142527      2.7945620      0.0393592      0.0372813      0.0367739
      0.7443981    434.0885784     20.3155836     21.8635309      0.8529052      0.6011102      0.6603375     -0.2117240      1.2564373      1.4406498      5.1832637      0.0970071      4.9625599     -0.8856422      0.5622151      3.8381917      2.8159004      0.0378324      0.0359681      0.0352797
      0.7603764    443.4061411     20.3993577     21.9689077      0.8256927      0.5844978      0.6394625     -0.1975508      1.2592997      1.4052069      5.1041309      0.0962330      4.9739928     -0.9438034      0.6008453      3.9954368      2.8490392      0.0363366      0.0346314      0.0340746
      0.7766956    452.9225616     20.4832017     22.0746160      0.7970242      0.5673451      0.6170268     -0.1836325      1.2622466      1.3677452      5.0189530      0.0952989      4.9619744     -1.0107013      0.6472147      4.1921145      2.8932307      0.0346928      0.0332328      0.0329003
      0.7933633    462.6421195     20.5657615     22.1789512      0.7683380      0.5496840      0.5929654     -0.1704520      1.2652595      1.3295170      4.9310269      0.0942703      4.8498441     -1.0872151      0.7026750      4.4286605      2.9553746      0.0330750      0.0317974      0.0317582
      0.8103867    472.5692003     20.6458279     22.2803780      0.7387079      0.5315752      0.5677294     -0.1573756      1.2683077      1.2883465      4.8286209      0.0929506      4.7150187     -1.1609458      0.7575949      4.6599554      3.0114018      0.0315735      0.0303125      0.0303904
      0.8277738    482.7083129     20.7236137     22.3791534      0.7066993      0.5129578      0.5410847     -0.1434803      1.2713713      1.2469719      4.7178340      0.0914203      4.5845231     -1.2405205      0.8225549      4.9316948      3.0934747      0.0300929      0.0287413      0.0289258
      0.8455325    493.0641181     20.7986112     22.4746176      0.6730711      0.4937565      0.5136721     -0.1299937      1.2744236      1.2055058      4.6109905      0.0898329      4.3933775     -1.3424119      0.9041370      5.3745022      3.2256553      0.0283323      0.0271610      0.0273843
      0.8636711    503.6414749     20.8699390     22.5656268      0.6374413      0.4743649      0.4863238     -0.1170228      1.2774367      1.1656425      4.4963574      0.0880553      4.1978062     -1.4588063      0.9945525      5.9511066      3.3918872      0.0264293      0.0255945      0.0260717
      0.8821985    514.4455089     20.9382376     22.6529769      0.6012545      0.4548270      0.4576700     -0.1045863      1.2804491      1.1239981      4.3695777      0.0859548      4.0285861     -1.5821981      1.1038346      6.6060005      3.6441041      0.0247929      0.0239961      0.0247761
      0.9011239    525.4817052     21.0031995     22.7362548      0.5647864      0.4340690      0.4290294     -0.0926951      1.2834504      1.0802875      4.2237006      0.0834233      3.8007892     -1.7057122      1.2248992      7.3096364      3.9455701      0.0230505      0.0223935      0.0232582
      0.9204577    536.7560246     21.0637347     22.8140382      0.5273577      0.4123829      0.3999965     -0.0812245      1.2864062      1.0326658      4.0594279      0.0804867      3.5316100     -1.8324790      1.3615398      8.1040114      4.3352046      0.0211538      0.0207527      0.0217946
      0.9402111    548.2750310     21.1197014     22.8861147      0.4895122      0.3904385      0.3692521     -0.0702599      1.2892836      0.9851233      3.8790764      0.0771876      3.2510311     -1.9766264      1.5178691      9.1193016      4.8380093      0.0193409      0.0190439      0.0202846
      0.9603966    560.0460107     21.1706954     22.9519311      0.4503822      0.3685901      0.3387839     -0.0598588      1.2920611      0.9378875      3.6794046      0.0734810      2.9400308     -2.1311450      1.6953920     10.3294378      5.4811749      0.0176037      0.0173417      0.0188074
      0.9810281    572.0770587     21.2164859     23.0111546      0.4105974      0.3464684      0.3102319     -0.0499365      1.2946509      0.8914863      3.4712444      0.0695494      2.6450305     -2.2907805      1.8979213     11.8066228      6.3073670      0.0159612      0.0156999      0.0172411
      1.0021209    584.3771042     21.2575938     23.0644243      0.3702481      0.3244227      0.2837833     -0.0408369      1.2970515      0.8467041      3.2502679      0.0653460      2.3521923     -2.4349601      2.1214211     13.4343477      7.2926676      0.0144739      0.0142076      0.0159444
      1.0236916    596.9558578     21.2935006     23.1110366      0.3309729      0.3024011      0.2597959     -0.0329980      1.2992404      0.8008601      3.0224896      0.0609356      2.0233699     -2.5850883      2.3852156     15.6439054      8.6551921      0.0129322      0.0127476      0.0146634
      1.0457580    609.8236778     21.3239254     23.1505956      0.2939748      0.2799437      0.2353242     -0.0261539      1.3012098      0.7542613      2.7886887      0.0563116      1.6857657     -2.7084637      2.6988092     18.1311889     10.5363188      0.0114203      0.0113084      0.0132032
      1.0683387    622.9913726     21.3489732     23.1832104      0.2595089      0.2575524      0.2107215     -0.0202785      1.3029908      0.7104428      2.5343503      0.0512864      1.3789097     -2.7970659      3.0544339     20.9660827     12.9290736      0.0100028      0.0099285      0.0116794
      1.0914525    636.4699718     21.3694311     23.2098832      0.2269793      0.2361769      0.1886590     -0.0154499      1.3045875      0.6706085      2.2690337      0.0460468      1.1175674     -2.8226102      3.4825479     23.8564708     16.2426406      0.0086122      0.0086620      0.0104225
      1.1151184    650.2705088     21.3858385     23.2312993      0.1980650      0.2155950      0.1671206     -0.0113001      1.3059629      0.6327383      2.0041100      0.0408291      0.8846639     -2.7646479      3.9731525     26.9522628     20.4812051      0.0073899      0.0074403      0.0091705
      1.1393550    664.4038502     21.3985789     23.2479451      0.1730945      0.1959181      0.1457634     -0.0079120      1.3071054      0.5960169      1.7600994      0.0359406      0.6606426     -2.3486437      4.5813451     26.7235555     26.5331287      0.0064576      0.0062890      0.0077862
      1.1641805    678.8805961     21.4077651     23.2599568      0.1510610      0.1766959      0.1252536     -0.0055038      1.3080597      0.5604266      1.5211966      0.0311272      0.4672157     -1.7507354      5.3358298     24.8594212     35.2243261      0.0053419      0.0052879      0.0064673
      1.1896125    693.7110547     21.4142691     23.2684669      0.1317277      0.1595604      0.1061124     -0.0037079      1.3088229      0.5303179      1.3000798      0.0266775      0.3256842     -1.2203829      6.2887680     22.8655092     48.1878206      0.0044047      0.0043674      0.0054912
      1.2156684    708.9052799     21.4186604     23.2742157      0.1174329      0.1435909      0.0897882     -0.0024199      1.3094191      0.5037687      1.0953091      0.0225537      0.2054959     -0.7564289      7.4436847     23.0398599     66.2152234      0.0036685      0.0035413      0.0043583
      1.2423650    724.4731496     21.4212956     23.2776669      0.1048423      0.1291531      0.0770116     -0.0015296      1.3098617      0.4816918      0.9211637      0.0190252      0.1252826     -0.4375969      8.8074665     20.8430135     91.1104914      0.0030808      0.0028591      0.0034569
      1.2697192    740.4244611     21.4230621     23.2799810      0.0928654      0.1165231      0.0674487     -0.0008794      1.3101736      0.4640872      0.7756165      0.0160905      0.0900764      0.1506544     10.4565157     13.5043431    128.5588131      0.0024489      0.0022594      0.0029532
      1.2977477    756.7690242     21.4243378     23.2816526      0.0838827      0.1051111      0.0589193     -0.0004400      1.3104066      0.4481455      0.6385664      0.0133973      0.0618293      0.5815704     12.4117170     10.3465846    181.5395587      0.0018893      0.0017504      0.0024287
      1.3264675    773.5167406     21.4251282     23.2826883      0.0772600      0.0948067      0.0512122     -0.0001866      1.3105822      0.4354211      0.5188319      0.0110099      0.0342526      0.7655022     15.2946523      9.5656749    276.5453920      0.0013920      0.0013059      0.0018501
      1.3558960    790.6776644     21.4255345     23.2832208      0.0710716      0.0858617      0.0443978     -0.0000666      1.3107234      0.4237017      0.3860372      0.0085295      0.0164084      0.7869982     18.6177425      8.0539231    409.3230617      0.0010509      0.0009272      0.0013735
      1.3860506    808.2620456     21.4257300     23.2834771      0.0655393      0.0783156      0.0390724     -0.0000191      1.3108176      0.4148353      0.2744257      0.0065195      0.0079468      0.6307267     22.8330284      6.4689684    619.5269750      0.0008280      0.0006776      0.0009500
      1.4169494    826.2803595     21.4258250     23.2836017      0.0606566      0.0718362      0.0350414      0.0000030      1.3108759      0.4060848      0.2029420      0.0052376      0.0034719      0.4808184     27.0986999      3.6179212    881.9436083      0.0005829      0.0004594      0.0006435
      1.4486107    844.7433257     21.4258653     23.2836545      0.0565281      0.0662195      0.0316001      0.0000219      1.3109081      0.3992082      0.1421938      0.0042998      0.0024645      0.3850687     24.7667517      3.4736531    468.6019458      0.0003923      0.0003063      0.0003966
      1.4810533    863.6619223     21.4259085     23.2837111      0.0528853      0.0614678      0.0284060      0.0000336      1.3109321      0.3926354      0.1047493      0.0037894      0.0014570      0.3022687     14.7747719     -0.2200271  -1149.3471741      0.0002948      0.0002114      0.0002145
      1.5142965    883.0473951     21.4259118     23.2837154      0.0496498      0.0573571      0.0257101      0.0000383      1.3109423      0.3871972      0.0774495      0.0034860     -0.0000461      0.2233757      7.5936259     -1.7359178  -2305.0973358      0.0001723      0.0001425      0.0001113
      1.5483601    902.9112666     21.4259116     23.2837152      0.0466187      0.0538274      0.0234035      0.0000386      1.3109520      0.3815721      0.0659679      0.0033455     -0.0006920      0.1200517      4.2276868     -5.0096897  -3266.1438584      0.0000639      0.0000889      0.0001108
      1.5832644    923.2653430     21.4258966     23.2836955      0.0439737      0.0506947      0.0213874      0.0000377      1.3109537      0.3771553      0.0628296      0.0032881      0.0001842      0.0490679      2.7448035     -5.2330271  -3826.4619226      0.0000265      0.0000247      0.0000480
      1.6190300    944.1217217     21.4259170     23.2837223      0.0415411      0.0478796      0.0196169      0.0000391      1.3109573      0.3721273      0.0618904      0.0032429      0.0008423     -0.0031746      2.6623065     -8.3165936  -3757.5617981      0.0000048      0.0000163      0.0000085
      1.6556783    965.4927988     21.4259229     23.2837300      0.0393744      0.0453868      0.0180525      0.0000396      1.3109573      0.3687476      0.0613108      0.0032138      0.0010581     -0.0470655      2.7797479    -12.1233309  -4099.8814748      0.0000032      0.0000143      0.0000060
      1.6932309    987.3912760     21.4259537     23.2837704      0.0373267      0.0431216      0.0166618      0.0000399      1.3109588      0.3655017      0.0607853      0.0031852      0.0014358     -0.0805306      2.8752748    -19.8863223  -4222.4977508      0.0000030      0.0000127      0.0000053
      1.7317104   1009.8301687     21.4259684     23.2837896      0.0354952      0.0410879      0.0154267      0.0000423      1.3109598      0.3626598      0.0602969      0.0031608      0.0011017     -0.1184758      3.0593656    -22.7653284  -4753.4842147      0.0000030      0.0000113      0.0000049
      1.7711394   1032.8228134     21.4259914     23.2838198      0.0337457      0.0392272      0.0143325      0.0000423      1.3109636      0.3609406      0.0600242      0.0031455      0.0008091     -0.1472636      3.1083343    -27.2897489  -4748.5469328      0.0000031      0.0000101      0.0000045
      1.8115414   1056.3828756     21.4259940     23.2838232      0.0321799      0.0375447      0.0133691      0.0000449      1.3109662      0.3590584      0.0597018      0.0031293      0.0000919     -0.1707500      2.9412362    -41.1139455  -4332.1827370      0.0000031      0.0000091      0.0000043
      1.8529405   1080.5243583     21.4259955     23.2838251      0.0306637      0.0359950      0.0125219      0.0000445      1.3109703      0.3581953      0.0595689      0.0031215     -0.0004542     -0.1976875      3.1103130    -37.7859764  -4746.8467713      0.0000032      0.0000082      0.0000040
      1.8953613   1105.2616098     21.4259801     23.2838049      0.0293015      0.0345797      0.0117778      0.0000459      1.3109741      0.3563920      0.0592599      0.0031060     -0.0006772     -0.2125674      3.1675443    -60.9707521  -4875.4254838      0.0000033      0.0000075      0.0000038
      1.9388289   1130.6093327     21.4259712     23.2837933      0.0279617      0.0332503      0.0111368      0.0000473      1.3109786      0.3544925      0.0589551      0.0030892     -0.0010719     -0.2428149      3.2416052    -57.5654038  -4945.4729257      0.0000033      0.0000069      0.0000037
      1.9833692   1156.5825923     21.4259432     23.2837565      0.0267581      0.0320455      0.0105938      0.0000501      1.3109840      0.3516893      0.0584823      0.0030649     -0.0014259     -0.2551667      3.2793699    -71.8252915  -5143.9176089      0.0000034      0.0000064      0.0000036
      2.0290087   1183.1968258     21.4259229     23.2837300      0.0255755      0.0309025      0.0101438      0.0000526      1.3109897      0.3497156      0.0581644      0.0030474     -0.0015604     -0.2701938      3.3488673    -80.5716366  -5118.4885853      0.0000035      0.0000061      0.0000036
      2.0757745   1210.4678511     21.4258889     23.2836854      0.0245316      0.0298267      0.0097658      0.0000553      1.3109928      0.3481042      0.0578955      0.0030333     -0.0017519     -0.2759570      3.4842280    -99.2469954  -5498.0358499      0.0000035      0.0000058      0.0000035
      2.1236944   1238.4118768     21.4258647     23.2836537      0.0235129      0.0288520      0.0094568      0.0000568      1.3109979      0.3473300      0.0577772      0.0030263     -0.0014194     -0.2641438      3.4228631   -145.5115027  -5385.3904295      0.0000035      0.0000056      0.0000035
      2.1727969   1267.0455110     21.4258382     23.2836190      0.0226343      0.0279749      0.0091980      0.0000589      1.3109992      0.3468103      0.0576876      0.0030218     -0.0013293     -0.3017201      3.5142440   -112.1782607  -5574.8790707      0.0000036      0.0000054      0.0000035
      2.2231111   1296.3857712     21.4258170     23.2835912      0.0217785      0.0271171      0.0090167      0.0000592      1.3110067      0.3471433      0.0577530      0.0030245     -0.0014513     -0.3079709      3.3662521   -106.7228244  -5160.6247843      0.0000036      0.0000053      0.0000035
      2.2746670   1326.4500928     21.4257855     23.2835499      0.0210353      0.0263859      0.0088502      0.0000600      1.3110121      0.3479664      0.0578916      0.0030316     -0.0018975     -0.3064805      3.5288640   -140.0521592  -5671.1920788      0.0000036      0.0000053      0.0000034
      2.3274952   1357.2563355     21.4257473     23.2834998      0.0202874      0.0256495      0.0087607      0.0000606      1.3110191      0.3491975      0.0581092      0.0030421     -0.0029118     -0.3015689      3.3273959   -167.4811229  -5172.8931320      0.0000036      0.0000052      0.0000034
      2.3816270   1388.8227834     21.4256836     23.2834162      0.0196402      0.0250231      0.0086737      0.0000624      1.3110267      0.3494101      0.0581427      0.0030439     -0.0039239     -0.2773977      3.2505685   -236.6040702  -4887.6668140      0.0000036      0.0000052      0.0000034
      2.4370945   1421.1681270     21.4256154     23.2833268      0.0189928      0.0244373      0.0086534      0.0000630      1.3110376      0.3497993      0.0582075      0.0030473     -0.0039179     -0.2947168      3.3374762   -163.9976524  -5129.5369790      0.0000036      0.0000052      0.0000033
      2.4939304   1454.3114083     21.4255494     23.2832403      0.0184789      0.0239242      0.0086399      0.0000631      1.3110455      0.3498228      0.0582080      0.0030475     -0.0032991     -0.2250361      3.4615913   -253.3909690  -5325.2996208      0.0000036      0.0000051      0.0000033
      2.5521676   1488.2718825     21.4254996     23.2831750      0.0179849      0.0234240      0.0086785      0.0000614      1.3110535      0.3517474      0.0585350      0.0030642     -0.0027230     -0.1684685      3.3371560   -336.0952296  -5125.8163061      0.0000035      0.0000051      0.0000033
      2.6118390   1523.0687183     21.4254611     23.2831245      0.0176207      0.0230113      0.0087203      0.0000596      1.3110558      0.3548643      0.0590483      0.0030915     -0.0007359     -0.1660338      3.3994957   -249.8850988  -5252.6839692      0.0000036      0.0000051      0.0000032
      2.6729765   1558.7204054     21.4254716     23.2831383      0.0173144      0.0226043      0.0088256      0.0000554      1.3110617      0.3605505      0.0599936      0.0031411      0.0008356     -0.0498420      3.2900431   -388.8389147  -5173.1499507      0.0000035      0.0000051      0.0000031
      2.7356085   1595.2436770     21.4254854     23.2831564      0.0171348      0.0223631      0.0089303      0.0000513      1.3110611      0.3657013      0.0608451      0.0031862      0.0014953     -0.0166700      3.0053695   -293.6459502  -4537.7678601      0.0000034      0.0000051      0.0000030
      2.7997578   1632.6517011     21.4255227     23.2832053      0.0169705      0.0221566      0.0090954      0.0000463      1.3110623      0.3725170      0.0619763      0.0032457      0.0019466      0.0136294      2.9958946   -275.0893013  -4687.1403378      0.0000033      0.0000051      0.0000028
      2.8654359   1670.9512879     21.4255487     23.2832394      0.0168998      0.0221425      0.0092592      0.0000428      1.3110613      0.3786858      0.0629891      0.0032999      0.0013673      0.1025912      2.7817488   -311.6157371  -4244.4421380      0.0000031      0.0000051      0.0000026
      2.9326370   1710.1389458     21.4255738     23.2832723      0.0168085      0.0219991      0.0094673      0.0000398      1.3110615      0.3858068      0.0641739      0.0033620      0.0012812      0.2577760      2.6985151   -440.0388871  -4020.5506122      0.0000030      0.0000051      0.0000025
      3.0013287   1750.1958377     21.4255998     23.2833064      0.0169308      0.0219250      0.0097652      0.0000358      1.3110573      0.3971274      0.0660484      0.0034609      0.0022093      0.2553760      2.4091353   -296.7663494  -3449.3280665      0.0000029      0.0000051      0.0000023
      3.0714425   1791.0820539     21.4256494     23.2833714      0.0170446      0.0216945      0.0100906      0.0000340      1.3110526      0.4072943      0.0677470      0.0035494      0.0027961      0.3733787      2.2148197   -558.4688239  -3191.4210673      0.0000023      0.0000051      0.0000021
      3.1428645   1832.7310549     21.4256844     23.2834173      0.0174228      0.0215005      0.0105288      0.0000301      1.3110464      0.4245807      0.0706140      0.0037004      0.0008839      0.2760744      1.9463661   -250.8655594  -2725.1128306      0.0000020      0.0000050      0.0000019
      3.2154275   1875.0455182     21.4257391     23.2834173      0.0176324      0.0213066      0.0107533      0.0000267      1.3110420      0.4358447      0.0725114      0.0037981     -0.0002221      0.3110447      1.7532346   -322.7998409  -2339.4675078      0.0000276      0.0000049      0.0000452